
<table style="text-align:center"><tr><td colspan="16" style="border-bottom: 1px solid black"></td></tr><tr><td style="text-align:left">Internet</td><td>Student</td><td>Openness</td><td>Conscientiousness</td><td>Extraversion</td><td>Agreeableness</td><td>Neuroticism</td><td>Left-right ideology</td><td>Interest</td><td>Efficacy</td><td>Involvement</td><td>Participation</td><td>Media use</td><td>Political trust</td><td>Satisfaction democracy</td><td>stfdem</td></tr>
<tr><td colspan="16" style="border-bottom: 1px solid black"></td></tr><tr><td style="text-align:left">internet</td><td>1</td><td>0.06</td><td>0.15</td><td>-0.03</td><td>0.04</td><td>0.02</td><td>-0.02</td><td>-0.03</td><td>0.04</td><td>0.08</td><td>0.05</td><td>0.001</td><td>0.08</td><td>0.03</td><td>0.05</td></tr>
<tr><td style="text-align:left">student</td><td>0.06</td><td>1</td><td>0.05</td><td>-0.21</td><td>0.07</td><td>-0.03</td><td>0.06</td><td>0.003</td><td>-0.08</td><td>0.04</td><td>-0.03</td><td>-0.10</td><td>0.01</td><td>0.03</td><td>0.06</td></tr>
<tr><td style="text-align:left">openness</td><td>0.15</td><td>0.05</td><td>1</td><td>0.21</td><td>0.35</td><td>0.28</td><td>-0.21</td><td>-0.09</td><td>0.30</td><td>0.36</td><td>0.22</td><td>0.11</td><td>0.19</td><td>0.08</td><td>0.13</td></tr>
<tr><td style="text-align:left">conscientiousness</td><td>-0.03</td><td>-0.21</td><td>0.21</td><td>1</td><td>0.10</td><td>0.29</td><td>-0.20</td><td>0.08</td><td>0.09</td><td>0.05</td><td>-0.01</td><td>0.05</td><td>0.04</td><td>0.08</td><td>0.05</td></tr>
<tr><td style="text-align:left">extraversion</td><td>0.04</td><td>0.07</td><td>0.35</td><td>0.10</td><td>1</td><td>0.30</td><td>-0.28</td><td>0.03</td><td>0.13</td><td>0.16</td><td>0.13</td><td>0.004</td><td>0.09</td><td>0.03</td><td>0.05</td></tr>
<tr><td style="text-align:left">agreeableness</td><td>0.02</td><td>-0.03</td><td>0.28</td><td>0.29</td><td>0.30</td><td>1</td><td>-0.06</td><td>-0.10</td><td>0.06</td><td>0.06</td><td>0.03</td><td>0.04</td><td>0.02</td><td>0.07</td><td>0.07</td></tr>
<tr><td style="text-align:left">neuroticism</td><td>-0.02</td><td>0.06</td><td>-0.21</td><td>-0.20</td><td>-0.28</td><td>-0.06</td><td>1</td><td>-0.04</td><td>-0.12</td><td>-0.15</td><td>-0.05</td><td>-0.05</td><td>-0.11</td><td>-0.12</td><td>-0.13</td></tr>
<tr><td style="text-align:left">ideology</td><td>-0.03</td><td>0.003</td><td>-0.09</td><td>0.08</td><td>0.03</td><td>-0.10</td><td>-0.04</td><td>1</td><td>-0.04</td><td>-0.10</td><td>-0.12</td><td>-0.02</td><td>-0.01</td><td>0.04</td><td>-0.03</td></tr>
<tr><td style="text-align:left">polintr</td><td>0.04</td><td>-0.08</td><td>0.30</td><td>0.09</td><td>0.13</td><td>0.06</td><td>-0.12</td><td>-0.04</td><td>1</td><td>0.39</td><td>0.30</td><td>0.23</td><td>0.32</td><td>0.14</td><td>0.15</td></tr>
<tr><td style="text-align:left">poleff</td><td>0.08</td><td>0.04</td><td>0.36</td><td>0.05</td><td>0.16</td><td>0.06</td><td>-0.15</td><td>-0.10</td><td>0.39</td><td>1</td><td>0.28</td><td>0.21</td><td>0.23</td><td>0.32</td><td>0.34</td></tr>
<tr><td style="text-align:left">involvement</td><td>0.05</td><td>-0.03</td><td>0.22</td><td>-0.01</td><td>0.13</td><td>0.03</td><td>-0.05</td><td>-0.12</td><td>0.30</td><td>0.28</td><td>1</td><td>0.12</td><td>0.19</td><td>0.03</td><td>0.05</td></tr>
<tr><td style="text-align:left">polpar</td><td>0.001</td><td>-0.10</td><td>0.11</td><td>0.05</td><td>0.004</td><td>0.04</td><td>-0.05</td><td>-0.02</td><td>0.23</td><td>0.21</td><td>0.12</td><td>1</td><td>0.16</td><td>0.18</td><td>0.18</td></tr>
<tr><td style="text-align:left">media</td><td>0.08</td><td>0.01</td><td>0.19</td><td>0.04</td><td>0.09</td><td>0.02</td><td>-0.11</td><td>-0.01</td><td>0.32</td><td>0.23</td><td>0.19</td><td>0.16</td><td>1</td><td>0.10</td><td>0.12</td></tr>
<tr><td style="text-align:left">poltr</td><td>0.03</td><td>0.03</td><td>0.08</td><td>0.08</td><td>0.03</td><td>0.07</td><td>-0.12</td><td>0.04</td><td>0.14</td><td>0.32</td><td>0.03</td><td>0.18</td><td>0.10</td><td>1</td><td>0.62</td></tr>
<tr><td style="text-align:left">stfdem</td><td>0.05</td><td>0.06</td><td>0.13</td><td>0.05</td><td>0.05</td><td>0.07</td><td>-0.13</td><td>-0.03</td><td>0.15</td><td>0.34</td><td>0.05</td><td>0.18</td><td>0.12</td><td>0.62</td><td>1</td></tr>
<tr><td colspan="16" style="border-bottom: 1px solid black"></td></tr></table>
