
<table style="text-align:center"><tr><td colspan="14" style="border-bottom: 1px solid black"></td></tr><tr><td style="text-align:left">Internet</td><td>Openness</td><td>Conscientiousness</td><td>Extraversion</td><td>Agreeableness</td><td>Neuroticism</td><td>Left-right ideology</td><td>Interest</td><td>Efficacy</td><td>Involvement</td><td>Participation</td><td>Media use</td><td>Knowledge</td><td>knowledge</td></tr>
<tr><td colspan="14" style="border-bottom: 1px solid black"></td></tr><tr><td style="text-align:left">internet</td><td>1</td><td>0.07</td><td>0.07</td><td>0.08</td><td>0.02</td><td>-0.05</td><td>-0.01</td><td>0.08</td><td>0.003</td><td>0.05</td><td>0.06</td><td>0.11</td><td>0.12</td></tr>
<tr><td style="text-align:left">openness</td><td>0.07</td><td>1</td><td>0.19</td><td>0.22</td><td>0.16</td><td>-0.17</td><td>-0.15</td><td>0.14</td><td>0.09</td><td>0.19</td><td>0.03</td><td>0.05</td><td>0.08</td></tr>
<tr><td style="text-align:left">conscientiousness</td><td>0.07</td><td>0.19</td><td>1</td><td>0.04</td><td>0.27</td><td>-0.37</td><td>0.04</td><td>0.14</td><td>0.02</td><td>0.05</td><td>0.08</td><td>0.13</td><td>0.11</td></tr>
<tr><td style="text-align:left">extraversion</td><td>0.08</td><td>0.22</td><td>0.04</td><td>1</td><td>-0.005</td><td>-0.06</td><td>-0.03</td><td>-0.003</td><td>0.02</td><td>0.06</td><td>-0.02</td><td>-0.03</td><td>-0.04</td></tr>
<tr><td style="text-align:left">agreeableness</td><td>0.02</td><td>0.16</td><td>0.27</td><td>-0.005</td><td>1</td><td>-0.34</td><td>0.02</td><td>0.09</td><td>0.07</td><td>0.09</td><td>0.08</td><td>0.10</td><td>0.07</td></tr>
<tr><td style="text-align:left">neuroticism</td><td>-0.05</td><td>-0.17</td><td>-0.37</td><td>-0.06</td><td>-0.34</td><td>1</td><td>-0.05</td><td>-0.14</td><td>-0.10</td><td>-0.08</td><td>-0.08</td><td>-0.11</td><td>-0.16</td></tr>
<tr><td style="text-align:left">ideology</td><td>-0.01</td><td>-0.15</td><td>0.04</td><td>-0.03</td><td>0.02</td><td>-0.05</td><td>1</td><td>0.03</td><td>-0.03</td><td>-0.07</td><td>0.06</td><td>0.01</td><td>-0.04</td></tr>
<tr><td style="text-align:left">polintr</td><td>0.08</td><td>0.14</td><td>0.14</td><td>-0.003</td><td>0.09</td><td>-0.14</td><td>0.03</td><td>1</td><td>0.25</td><td>0.44</td><td>0.43</td><td>0.53</td><td>0.42</td></tr>
<tr><td style="text-align:left">poleff</td><td>0.003</td><td>0.09</td><td>0.02</td><td>0.02</td><td>0.07</td><td>-0.10</td><td>-0.03</td><td>0.25</td><td>1</td><td>0.17</td><td>0.12</td><td>0.16</td><td>0.12</td></tr>
<tr><td style="text-align:left">involvement</td><td>0.05</td><td>0.19</td><td>0.05</td><td>0.06</td><td>0.09</td><td>-0.08</td><td>-0.07</td><td>0.44</td><td>0.17</td><td>1</td><td>0.26</td><td>0.28</td><td>0.26</td></tr>
<tr><td style="text-align:left">polpar</td><td>0.06</td><td>0.03</td><td>0.08</td><td>-0.02</td><td>0.08</td><td>-0.08</td><td>0.06</td><td>0.43</td><td>0.12</td><td>0.26</td><td>1</td><td>0.31</td><td>0.22</td></tr>
<tr><td style="text-align:left">media</td><td>0.11</td><td>0.05</td><td>0.13</td><td>-0.03</td><td>0.10</td><td>-0.11</td><td>0.01</td><td>0.53</td><td>0.16</td><td>0.28</td><td>0.31</td><td>1</td><td>0.24</td></tr>
<tr><td style="text-align:left">knowledge</td><td>0.12</td><td>0.08</td><td>0.11</td><td>-0.04</td><td>0.07</td><td>-0.16</td><td>-0.04</td><td>0.42</td><td>0.12</td><td>0.26</td><td>0.22</td><td>0.24</td><td>1</td></tr>
<tr><td colspan="14" style="border-bottom: 1px solid black"></td></tr></table>
